cam0:
  cam_overlaps: [1, 2, 3]
  camera_model: pinhole
  distortion_coeffs: [-0.13543811307948486, -0.15196969291489487, -0.0002735538530022467, 0.0019578566452966603]
  distortion_model: radtan
  intrinsics: [2674.690130853557, 2675.6482374145903, 835.0422221625006, 626.0749907384652]
  resolution: [1616, 1240]
  rostopic: /sensor_suite/right_camera_optical/image_color
cam1:
  T_cn_cnm1:
  - [0.9999887895183067, -0.003468421647779576, 0.003223490187098549, 0.19991666047759638]
  - [0.003471494435080519, 0.9999935248549349, -0.0009481427062130385, -0.0013299380642186817]
  - [-0.003220180755844556, 0.0009593224053226364, 0.9999943550522792, 0.001322516914714365]
  - [0.0, 0.0, 0.0, 1.0]
  cam_overlaps: [0, 2, 3]
  camera_model: pinhole
  distortion_coeffs: [-0.1832245928338504, 0.2963921090656553, -0.001354801506721349, 0.0006304078116641428]
  distortion_model: radtan
  intrinsics: [2672.567242445413, 2673.809499035903, 814.4135010000047, 593.911245273602]
  resolution: [1616, 1240]
  rostopic: /sensor_suite/left_camera_optical/image_color
cam2:
  T_cn_cnm1:
  - [0.9999921175015697, -0.001777777341108456, 0.0035502735761212376, -0.09923575497209397]
  - [0.001744767350029399, 0.9999554230385743, 0.009279424694079358, 0.06812874282837025]
  - [-0.0035666120666726178, -0.009273157147609425, 0.9999506426993757, -0.01470380862191168]
  - [0.0, 0.0, 0.0, 1.0]
  cam_overlaps: [0, 1, 3]
  camera_model: pinhole
  distortion_coeffs: [-0.08194476107782814, -0.06592640858415261, -0.0007043163003212235, 0.002577256982584405]
  distortion_model: radtan
  intrinsics: [935.2355857804463, 935.7905325732659, 656.1572332633887, 513.7144019593092]
  resolution: [1280, 1024]
  rostopic: /sensor_suite/lwir/lwir/image_raw
cam3:
  T_cn_cnm1:
  - [0.9999240234626255, -0.0033442644899390485, 0.011864366705865366, -0.0001921003059797912]
  - [0.003365688283799926, 0.9999927407556615, -0.0017862190100531093, -0.0667633022458757]
  - [-0.011858306990721981, 0.0018260150593343745, 0.9999280205216333, 0.02070669975236003]
  - [0.0, 0.0, 0.0, 1.0]
  cam_overlaps: [0, 1, 2]
  camera_model: pinhole
  distortion_coeffs: [-0.1386589507209909, 0.7632297776496825, -0.0032573380773683984, -0.0019144594859533868]
  distortion_model: radtan
  intrinsics: [1705.7339121959717, 1708.2563313299443, 611.86536527417, 348.4935293880101]
  resolution: [1280, 720]
  rostopic: /reconstructed_images